


map_number  1
map_name  [REMEMBER, THIS IS JUST A DEMO...]

start_x  1
start_y  1

x_size  36
y_size  28

tile_map 
002 002 002 002 002 002 002 002 002 002 002 002 002 002 002 002 002 002 002 002 002 002 002 002 002 002 002 002 002 002 002 002 002 002 002 002  
002 001 001 001 001 001 001 001 001 001 001 001 001 001 001 001 001 015 016 013 013 013 013 013 013 013 013 013 013 013 013 013 013 013 013 013
002 001 002 001 001 001 001 001 001 001 001 001 001 001 001 001 001 001 015 016 013 013 013 013 013 013 013 013 013 013 013 013 013 013 013 013
002 001 001 001 001 001 001 001 001 001 001 001 001 001 001 001 001 001 001 015 014 014 016 013 013 013 013 013 013 013 013 013 013 013 013 013 
002 001 001 001 001 001 001 001 001 001 001 001 001 001 001 001 001 001 001 001 001 001 015 016 013 013 013 013 013 013 013 013 013 013 013 013 
002 001 001 001 001 001 001 001 001 001 001 001 001 001 001 001 001 001 001 001 001 001 001 015 014 014 016 013 013 013 013 013 013 013 013 013 
002 001 001 001 001 001 001 001 001 001 001 001 001 001 001 001 001 001 001 001 001 001 001 001 001 001 015 016 013 013 013 013 013 013 013 013 
002 001 001 001 001 001 001 003 004 001 003 004 001 001 002 001 001 002 001 001 001 001 001 001 001 001 001 015 016 013 013 013 013 013 013 013 
002 001 001 001 001 001 001 005 006 001 005 006 001 001 001 002 001 001 001 001 001 001 001 001 001 001 001 001 015 014 014 014 014 014 014 014 
002 001 001 001 001 001 001 001 001 001 001 001 001 001 001 001 001 001 001 001 001 001 001 001 001 001 001 001 001 001 001 001 001 001 001 002
002 001 001 001 001 001 001 001 001 001 001 001 001 001 001 001 001 001 001 001 001 001 001 001 001 001 001 001 001 001 001 001 001 001 001 002
002 001 001 001 001 001 001 001 001 001 001 001 001 001 001 001 001 001 001 001 001 001 001 001 001 001 001 001 001 001 001 001 001 001 001 002
002 001 001 001 001 001 001 001 001 001 001 001 001 001 001 001 001 001 001 001 001 001 001 001 001 001 001 001 001 001 001 001 001 001 001 002
002 001 001 001 001 001 001 001 001 001 001 001 001 001 001 001 001 001 001 001 001 001 001 001 001 001 001 001 001 001 001 001 001 001 001 002
002 001 001 001 001 001 001 001 001 001 001 001 001 001 001 001 001 001 001 001 001 001 001 001 001 001 001 001 001 001 001 001 001 001 001 002
002 001 001 001 001 001 001 001 001 001 001 001 001 001 001 001 001 001 001 001 001 001 001 001 001 001 001 001 001 001 001 001 001 001 001 002
002 001 001 001 001 001 001 001 001 001 001 001 001 001 001 001 001 001 001 001 001 001 001 001 001 001 001 001 001 001 001 001 001 001 001 002
002 001 001 001 001 001 001 001 001 001 001 001 001 001 001 001 001 001 001 001 001 001 001 001 001 001 001 001 001 001 001 001 001 001 001 002
002 001 001 001 001 001 001 001 001 001 001 001 001 001 001 001 001 001 001 001 001 001 001 001 001 001 001 001 001 001 001 001 001 001 001 002
002 001 001 001 001 001 001 001 001 001 001 001 001 001 001 001 001 001 001 001 001 001 001 001 001 001 001 001 001 001 001 001 001 001 001 002
002 001 001 001 001 001 001 001 001 003 004 001 001 001 001 001 001 001 001 001 001 001 001 001 001 001 001 001 001 001 001 001 001 001 001 002
002 003 004 003 004 003 004 003 004 005 006 001 001 001 001 002 001 001 001 001 001 001 001 001 001 001 001 001 001 001 001 001 001 001 001 002 
002 005 018 017 018 017 018 017 006 001 001 001 001 001 001 001 001 001 001 001 001 001 001 001 001 001 001 001 001 001 001 001 001 001 001 002 
002 003 017 018 017 018 017 018 004 001 001 001 001 001 001 001 001 002 001 001 001 001 001 001 001 001 001 001 001 001 001 001 001 001 001 002 
002 005 018 017 018 017 018 017 006 001 001 001 001 001 001 001 001 001 002 001 001 001 001 001 001 001 001 001 001 001 001 001 001 001 001 002 
002 003 017 018 017 018 017 018 004 001 001 001 001 001 001 001 001 001 001 001 001 001 001 001 001 001 001 001 001 001 001 001 001 001 001 002   
002 005 006 005 006 005 006 005 006 001 001 001 001 001 001 001 001 001 001 001 001 001 001 001 001 001 001 001 001 001 001 001 001 001 001 002   
002 002 002 002 002 002 002 002 002 002 002 002 002 002 002 002 012 002 002 002 002 002 002 002 002 002 002 002 002 002 002 002 002 002 002 002   

warp_tile  2  012  1 1

end_map



map_number  2
map_name  [CHECK OVER THERE]

start_x  1
start_y  1

x_size  20
y_size  15  

tile_map 
002 002 002 002 002 002 002 002 002 002 002 002 002 002 002 002 002 002 002 002
002 001 001 001 001 001 001 001 001 001 001 001 001 001 001 001 001 001 001 002
002 001 002 002 001 001 001 001 001 001 001 001 001 001 001 001 001 001 001 002
002 001 001 003 004 001 001 001 001 001 001 001 001 001 001 001 001 001 001 002
002 001 001 005 006 001 001 001 001 001 001 001 001 001 001 001 001 001 001 002
002 001 001 001 001 001 001 001 001 001 001 001 001 001 001 001 001 001 001 002
002 001 001 001 001 001 001 001 001 001 001 001 001 001 001 001 001 001 001 002
002 001 001 001 001 001 001 001 001 001 001 001 002 001 001 001 001 001 001 002
002 001 001 001 001 001 001 001 001 001 001 001 001 002 001 001 001 001 001 002
002 001 003 004 001 001 001 001 002 002 002 002 002 002 007 001 001 001 001 002
002 001 005 006 001 001 001 001 001 001 001 001 001 002 001 001 001 001 002 002
002 001 001 001 001 002 001 001 001 001 001 001 002 001 001 001 001 001 001 002
002 001 001 001 001 001 001 001 001 001 001 001 001 001 001 001 001 001 001 002
002 001 001 001 001 001 001 001 001 001 001 001 001 001 001 001 001 001 001 002
002 002 002 002 002 002 002 002 002 002 002 002 002 002 002 002 002 002 002 002

warp_tile  3  007  1 1

end_map




map_number  3
map_name  [THAT'S NOT A GLITCH]

start_x  1
start_y  1

x_size  19
y_size  11

tile_map 
002 002 002 002 001 002 002 002 002 002 002 002 003 004 002 002 002 002 002
002 001 001 002 001 001 001 001 001 001 001 001 005 006 001 001 002 001 001
002 001 001 001 002 002 001 003 004 001 002 001 001 001 001 002 002 001 002
002 002 002 001 002 001 001 005 006 001 001 002 002 002 001 001 002 001 002
002 001 001 001 002 001 002 001 001 002 001 001 001 002 001 002 001 001 002
002 001 002 001 001 001 001 002 001 001 002 002 001 001 002 001 002 001 002
002 001 002 002 002 001 002 001 001 002 002 002 001 002 001 001 002 001 002
002 001 001 001 002 001 001 001 003 004 001 007 001 001 001 001 001 001 002
002 001 002 001 002 001 002 002 005 006 001 002 002 002 002 002 002 002 002
002 001 001 002 001 001 001 001 001 002 001 001 001 001 001 001 001 001 002
002 002 001 002 002 002 002 002 002 002 002 002 002 002 002 002 002 002 002


warp_space  2  18 1  15 9
warp_space  4  17 9  2 0

end_map



map_number  4
map_name  [LIVE LIFE ON THE EDGE]

start_x  1
start_y  1

x_size  15
y_size  10

tile_map
002 002 001 002 001 002 002 002 002 002 002 002 002 002 002
002 001 001 012 001 001 001 001 001 001 001 001 001 001 002
002 001 012 012 012 012 012 012 012 012 012 012 012 001 002
002 001 012 012 012 012 012 012 012 012 012 012 012 001 002
002 001 012 012 012 012 012 012 012 012 012 012 012 001 002
002 001 012 012 012 012 012 012 012 012 012 012 012 001 002
002 001 012 012 012 012 012 012 012 012 012 012 012 001 002
002 001 012 012 012 012 012 012 012 012 012 012 012 001 002
002 001 001 001 001 001 001 001 001 001 001 001 001 001 002
002 002 002 002 002 002 002 002 002 002 002 002 002 002 002 


warp_tile  3  012  11 2
warp_space 7  4 0  3 11


end_map


map_number  5
map_name  [CHOOSE THE RIGHT PATH]

start_x  1
start_y  1

x_size  7
y_size  35

tile_map 
002 002 002 001 002 002 002
002 001 001 001 001 001 002
002 001 001 001 001 001 002
002 001 002 001 002 001 002
002 001 002 001 002 001 002
002 001 002 001 002 001 002
002 001 002 001 002 001 002
002 001 002 001 002 001 002
002 001 002 001 002 001 002
002 001 002 001 002 001 002

002 001 002 001 002 001 002
002 001 002 001 002 001 002
002 001 002 001 002 001 002
002 001 002 001 002 001 002
002 001 002 001 002 001 002
002 001 002 001 002 001 002
002 001 002 001 002 001 002
002 001 002 001 002 001 002
002 001 002 001 002 001 002
002 001 002 001 002 001 002

002 001 002 001 002 001 002
002 001 002 001 002 001 002
002 001 002 001 002 001 002
002 001 002 001 002 001 002
002 001 002 001 002 001 002
002 001 002 001 002 001 002
002 001 002 001 002 001 002
002 001 002 001 002 001 002
002 001 002 001 002 001 002
002 001 002 001 002 001 002

002 001 002 001 002 001 002
002 002 001 002 001 001 002
002 001 001 001 001 001 002
002 001 001 001 001 001 002
002 002 002 001 002 002 002


warp_space  5  1 22  1 11
warp_space  5  3 22  3 11

warp_space  7  3 0  9 8
warp_space  7  3 34  9 2

end_map





map_number  6
map_name  ["PICHU!"  (TRANSLATION: "SURPRISE!")]

start_x  1
start_y  1

x_size  10
y_size  10

tile_map 
002 002 002 002 002 002 002 002 003 004
002 001 001 001 001 001 001 001 005 006
002 001 001 001 001 001 001 001 001 002
002 001 001 001 001 001 001 001 001 002
002 001 001 001 008 009 001 001 001 002
002 001 001 001 010 011 001 001 001 002
002 001 001 001 001 001 001 001 001 002
002 001 001 001 001 001 001 001 001 002
002 001 001 001 001 001 001 001 001 001
002 002 002 002 002 002 002 002 002 002

warp_space  1  9 8  1 1

end_map





map_number  7
map_name  [...]

start_x  1
start_y  1

x_size  10
y_size  12

tile_map 
002 002 002 002 001 002 002 002 002 002
002 001 001 002 001 002 001 002 002 002
002 001 001 002 001 002 002 001 001 001
002 001 001 002 001 001 001 001 002 002
002 001 001 002 002 002 002 002 002 002
002 001 001 001 001 001 001 001 001 002
002 001 001 001 001 001 001 001 001 002
002 001 002 002 002 002 002 002 002 002
002 001 002 001 001 001 001 001 001 001
002 001 002 001 002 002 002 002 002 002
002 001 002 001 002 001 001 001 001 002
002 002 002 001 002 002 002 002 002 002

warp_space  5  9 8  3 0
warp_space  4  3 11  4 0

warp_space  6  4 0  1 1
warp_space  5  9 2  3 34

end_map






tile_number  1  grass
passable  1
file_name  scenery.bmp
place_number  4
end_tile

tile_number  2  rock
passable  0
file_name  scenery.bmp
place_number  5
end_tile


tile_number  3  tree_ul
passable  0
file_name  scenery.bmp
place_number  0
end_tile

tile_number  4  tree_ur
passable  0
file_name  scenery.bmp
place_number  1
end_tile

tile_number  5  tree_bl
passable  0
file_name  scenery.bmp
place_number  2
end_tile

tile_number  6  tree_br
passable  0
file_name  scenery.bmp
place_number  3
end_tile


tile_number  7  passable_rock
passable  1
file_name  scenery.bmp
place_number  5
end_tile



tile_number  8  pichu_ul
passable  1
file_name  scenery.bmp
place_number  6
end_tile

tile_number  9  pichu_ur
passable  1
file_name  scenery.bmp
place_number  7
end_tile

tile_number  10  pichu_bl
passable  1
file_name  scenery.bmp
place_number  8
end_tile

tile_number  11  pichu_br
passable  1
file_name  scenery.bmp
place_number  9
end_tile


tile_number  12  special_grass
passable  1
file_name  scenery.bmp
place_number  4
end_tile


tile_number  13  pure_water
passable  0
file_name  scenery.bmp
place_number  10  
end_tile

tile_number  14  land_with_upper_water_bound
passable  1
file_name  scenery.bmp
place_number  11  
end_tile

tile_number  15  curve_upper_water_bound
passable  1
file_name  scenery.bmp
place_number  12  
end_tile

tile_number  16  land_with_right_water_bound
passable  1
file_name  scenery.bmp
place_number  13  
end_tile


tile_number  17  trees_together_left
passable  0
file_name  scenery.bmp
place_number  14  
end_tile

tile_number  18  trees_together_right
passable  0
file_name  scenery.bmp
place_number  15  
end_tile




character_number  1

file_name  sprites.bmp
frames  16

animation  face_up     key: 0  look: 0 -1  1 :  2  
animation  face_down   key: 0  look: 0 1   16 :  1 1 1 1 13 1 1 1 1 1 1 1 1 13 1 1       
animation  face_left   key: 0  look: -1 0  1 :  3 
animation  face_right  key: 0  look: 1 0   1 :  4 

animation  walk_up     key: 84  look: 0 -1  12 :  7 7 7 2 2 2 8 8 8 2 2 2  
animation  walk_down   key: 85  look: 0 1   12 :  6 6 6 1 1 1 5 5 5 1 1 1 
animation  walk_left   key: 82  look: -1 0  12 :  9 9 9 3 3 3 10 10 10 3 3 3
animation  walk_right  key: 83  look: 1 0   12 :  11 11 11 4 4 4 12 12 12 4 4 4 

animation  default     key: 0  look: 0 1   1 :  1 

end_character








